793.000 -574.876 146.624 99.495 -63.244 -39.173 32.374 27.469 -27.485 -13.792 17.134 12.465 -15.010 -10.741 16.367 3.973 -11.000 -3.717 8.666 4.321 -8.362 -3.734 6.872 6.175 -10.515 -3.175 11.051 -1.130 -5.384 -4.033 8.912 4.472 -15.000 4.472 8.912 -4.033 -5.384 -1.130 11.051 -3.175 -10.515 6.175 6.872 -3.734 -8.362 4.321 8.666 -3.717 -11.000 3.973 16.367 -10.741 -15.010 12.465 17.134 -13.792 -27.485 27.469 32.374 -39.173 -63.244 99.495 146.624 -574.876 
-574.876 399.972 -65.791 -104.347 45.066 46.637 -30.248 -26.922 22.484 17.443 -17.539 -12.620 14.845 9.378 -13.228 -6.481 11.214 4.862 -9.483 -4.297 8.512 4.216 -8.419 -4.008 9.072 2.777 -8.953 -1.760 8.308 1.974 -9.183 -1.135 10.185 -1.135 -9.183 1.974 8.308 -1.760 -8.953 2.777 9.072 -4.008 -8.419 4.216 8.512 -4.297 -9.483 4.862 11.214 -6.481 -13.228 9.378 14.845 -12.620 -17.539 17.443 22.484 -26.922 -30.248 46.637 45.066 -104.347 -65.791 399.972 
146.624 -65.791 -68.543 89.042 -0.636 -54.645 17.473 28.202 -12.037 -23.018 15.372 13.680 -12.813 -8.523 8.079 10.402 -10.560 -7.394 10.500 4.906 -9.287 -4.375 10.286 0.777 -6.717 -2.229 6.111 5.105 -11.738 1.221 8.723 -3.359 -3.048 -3.359 8.723 1.221 -11.738 5.105 6.111 -2.229 -6.717 0.777 10.286 -4.375 -9.287 4.906 10.500 -7.394 -10.560 10.402 8.079 -8.523 -12.813 13.680 15.372 -23.018 -12.037 28.202 17.473 -54.645 -0.636 89.042 -68.543 -65.791 
99.495 -104.347 89.042 -25.662 -39.094 39.327 8.968 -30.102 1.626 22.503 -6.546 -15.673 7.189 11.625 -6.335 -10.844 7.791 9.130 -9.379 -6.348 9.846 3.367 -8.864 -1.170 6.428 2.039 -6.620 -2.312 8.627 -1.126 -6.336 1.727 3.543 1.727 -6.336 -1.126 8.627 -2.312 -6.620 2.039 6.428 -1.170 -8.864 3.367 9.846 -6.348 -9.379 9.130 7.791 -10.844 -6.335 11.625 7.189 -15.673 -6.546 22.503 1.626 -30.102 8.968 39.327 -39.094 -25.662 89.042 -104.347 
-63.244 45.066 -0.636 -39.094 39.494 -1.576 -30.114 20.499 9.524 -15.399 -5.603 15.824 0.298 -14.703 5.457 8.844 -4.298 -8.356 5.824 6.826 -7.524 -3.307 5.493 4.139 -7.524 -1.568 7.771 -2.612 -2.172 -1.577 3.808 2.994 -8.352 2.994 3.808 -1.577 -2.172 -2.612 7.771 -1.568 -7.524 4.139 5.493 -3.307 -7.524 6.826 5.824 -8.356 -4.298 8.844 5.457 -14.703 0.298 15.824 -5.603 -15.399 9.524 20.499 -30.114 -1.576 39.494 -39.094 -0.636 45.066 
-39.173 46.637 -54.645 39.327 -1.576 -27.821 22.927 4.459 -18.618 5.149 12.973 -10.299 -6.097 11.100 -0.139 -7.465 1.335 5.619 -1.496 -5.146 2.048 5.101 -3.294 -4.932 6.175 1.020 -4.946 1.424 0.747 2.565 -3.319 -2.861 7.267 -2.861 -3.319 2.565 0.747 1.424 -4.946 1.020 6.175 -4.932 -3.294 5.101 2.048 -5.146 -1.496 5.619 1.335 -7.465 -0.139 11.100 -6.097 -10.299 12.973 5.149 -18.618 4.459 22.927 -27.821 -1.576 39.327 -54.645 46.637 
32.374 -30.248 17.473 8.968 -30.114 22.927 6.146 -24.470 14.049 6.829 -11.152 -1.055 8.337 -1.219 -7.314 4.937 2.372 -2.853 -2.206 2.791 2.570 -5.288 1.405 2.553 -0.985 -1.948 0.034 4.366 -4.220 -0.705 3.614 -1.586 -0.394 -1.586 3.614 -0.705 -4.220 4.366 0.034 -1.948 -0.985 2.553 1.405 -5.288 2.570 2.791 -2.206 -2.853 2.372 4.937 -7.314 -1.219 8.337 -1.055 -11.152 6.829 14.049 -24.470 6.146 22.927 -30.114 8.968 17.473 -30.248 
27.469 -26.922 28.202 -30.102 20.499 4.459 -24.470 17.610 6.406 -16.210 2.022 12.356 -6.521 -8.051 9.285 1.825 -6.865 0.385 4.838 -1.090 -3.546 1.344 2.516 -0.521 -4.201 3.763 1.814 -5.624 4.232 -0.578 -1.849 2.639 -2.760 2.639 -1.849 -0.578 4.232 -5.624 1.814 3.763 -4.201 -0.521 2.516 1.344 -3.546 -1.090 4.838 0.385 -6.865 1.825 9.285 -8.051 -6.521 12.356 2.022 -16.210 6.406 17.610 -24.470 4.459 20.499 -30.102 28.202 -26.922 
-27.485 22.484 -12.037 1.626 9.524 -18.618 14.049 6.406 -22.314 13.632 8.704 -15.344 0.298 11.694 -3.726 -9.498 7.828 3.371 -5.766 -1.367 3.359 3.206 -6.273 0.379 5.000 -2.759 -1.165 0.194 2.133 -0.705 -1.785 1.299 -0.172 1.299 -1.785 -0.705 2.133 0.194 -1.165 -2.759 5.000 0.379 -6.273 3.206 3.359 -1.367 -5.766 3.371 7.828 -9.498 -3.726 11.694 0.298 -15.344 8.704 13.632 -22.314 6.406 14.049 -18.618 9.524 1.626 -12.037 22.484 
-13.792 17.443 -23.018 22.503 -15.399 5.149 6.829 -16.210 13.632 1.662 -13.369 6.977 7.834 -9.362 -3.833 11.029 -1.974 -8.011 3.942 5.498 -4.427 -4.043 5.447 0.761 -2.457 -2.314 2.655 4.319 -7.612 1.637 4.433 -3.208 0.768 -3.208 4.433 1.637 -7.612 4.319 2.655 -2.314 -2.457 0.761 5.447 -4.043 -4.427 5.498 3.942 -8.011 -1.974 11.029 -3.833 -9.362 7.834 6.977 -13.369 1.662 13.632 -16.210 6.829 5.149 -15.399 22.503 -23.018 17.443 
17.134 -17.539 15.372 -6.546 -5.603 12.973 -11.152 2.022 8.704 -13.369 6.806 5.873 -10.908 2.306 7.943 -5.181 -6.321 9.225 0.568 -8.154 3.634 3.205 -0.863 -4.551 1.239 6.656 -5.725 -3.258 6.111 0.825 -4.950 -0.489 5.154 -0.489 -4.950 0.825 6.111 -3.258 -5.725 6.656 1.239 -4.551 -0.863 3.205 3.634 -8.154 0.568 9.225 -6.321 -5.181 7.943 2.306 -10.908 5.873 6.806 -13.369 8.704 2.022 -11.152 12.973 -5.603 -6.546 15.372 -17.539 
12.465 -12.620 13.680 -15.673 15.824 -10.299 -1.055 12.356 -15.344 6.977 5.873 -11.215 4.211 6.223 -7.073 -2.309 8.904 -3.740 -5.435 5.627 2.088 -4.722 -2.097 7.349 -2.352 -5.470 4.874 1.187 -1.383 -4.369 4.579 4.004 -9.668 4.004 4.579 -4.369 -1.383 1.187 4.874 -5.470 -2.352 7.349 -2.097 -4.722 2.088 5.627 -5.435 -3.740 8.904 -2.309 -7.073 6.223 4.211 -11.215 5.873 6.977 -15.344 12.356 -1.055 -10.299 15.824 -15.673 13.680 -12.620 
-15.010 14.845 -12.813 7.189 0.298 -6.097 8.337 -6.521 0.298 7.834 -10.908 4.211 6.473 -9.364 1.519 6.348 -3.867 -4.810 7.030 0.562 -7.828 5.760 1.750 -4.876 1.702 1.084 0.491 -2.327 -0.133 4.093 -3.406 -1.931 5.126 -1.931 -3.406 4.093 -0.133 -2.327 0.491 1.084 1.702 -4.876 1.750 5.760 -7.828 0.562 7.030 -4.810 -3.867 6.348 1.519 -9.364 6.473 4.211 -10.908 7.834 0.298 -6.521 8.337 -6.097 0.298 7.189 -12.813 14.845 
-10.741 9.378 -8.523 11.625 -14.703 11.100 -1.219 -8.051 11.694 -9.362 2.306 6.223 -9.364 3.066 5.871 -6.014 -2.922 8.545 -3.212 -5.233 5.831 -0.329 -1.684 -1.489 2.685 1.037 -4.206 2.950 -0.571 0.354 -0.121 -2.227 3.868 -2.227 -0.121 0.354 -0.571 2.950 -4.206 1.037 2.685 -1.489 -1.684 -0.329 5.831 -5.233 -3.212 8.545 -2.922 -6.014 5.871 3.066 -9.364 6.223 2.306 -9.362 11.694 -8.051 -1.219 11.100 -14.703 11.625 -8.523 9.378 
16.367 -13.228 8.079 -6.335 5.457 -0.139 -7.314 9.285 -3.726 -3.833 7.943 -7.073 1.519 5.871 -8.271 1.920 5.896 -4.521 -3.894 5.982 2.424 -8.773 3.034 6.386 -6.138 -1.241 3.213 1.309 -1.740 -4.019 5.211 2.408 -7.752 2.408 5.211 -4.019 -1.740 1.309 3.213 -1.241 -6.138 6.386 3.034 -8.773 2.424 5.982 -3.894 -4.521 5.896 1.920 -8.271 5.871 1.519 -7.073 7.943 -3.833 -3.726 9.285 -7.314 -0.139 5.457 -6.335 8.079 -13.228 
3.973 -6.481 10.402 -10.844 8.844 -7.465 4.937 1.825 -9.498 11.029 -5.181 -2.309 6.348 -6.014 1.920 3.568 -4.649 -1.732 8.182 -4.273 -7.068 10.891 -1.800 -6.985 3.629 3.990 -1.831 -6.703 6.507 3.440 -7.802 0.410 5.452 0.410 -7.802 3.440 6.507 -6.703 -1.831 3.990 3.629 -6.985 -1.800 10.891 -7.068 -4.273 8.182 -1.732 -4.649 3.568 1.920 -6.014 6.348 -2.309 -5.181 11.029 -9.498 1.825 4.937 -7.465 8.844 -10.844 10.402 -6.481 
-11.000 11.214 -10.560 7.791 -4.298 1.335 2.372 -6.865 7.828 -1.974 -6.321 8.904 -3.867 -2.922 5.896 -4.649 1.000 3.239 -4.834 1.339 3.524 -2.755 -3.070 4.610 2.172 -7.881 3.019 6.503 -7.359 -0.881 5.499 -1.009 -3.000 -1.009 5.499 -0.881 -7.359 6.503 3.019 -7.881 2.172 4.610 -3.070 -2.755 3.524 1.339 -4.834 3.239 1.000 -4.649 5.896 -2.922 -3.867 8.904 -6.321 -1.974 7.828 -6.865 2.372 1.335 -4.298 7.791 -10.560 11.214 
-3.717 4.862 -7.394 9.130 -8.356 5.619 -2.853 0.385 3.371 -8.011 9.225 -3.740 -4.810 8.545 -4.521 -1.732 3.239 0.318 -3.491 2.235 2.213 -5.709 5.232 -0.918 -4.020 5.554 -2.696 -1.070 1.776 0.092 -0.752 -1.056 2.386 -1.056 -0.752 0.092 1.776 -1.070 -2.696 5.554 -4.020 -0.918 5.232 -5.709 2.213 2.235 -3.491 0.318 3.239 -1.732 -4.521 8.545 -4.810 -3.740 9.225 -8.011 3.371 0.385 -2.853 5.619 -8.356 9.130 -7.394 4.862 
8.666 -9.483 10.500 -9.379 5.824 -1.496 -2.206 4.838 -5.766 3.942 0.568 -5.435 7.030 -3.212 -3.894 8.182 -4.834 -3.491 7.995 -3.685 -3.861 5.312 -0.011 -3.536 0.316 4.000 -2.132 -3.548 4.912 -0.565 -2.820 1.553 0.095 1.553 -2.820 -0.565 4.912 -3.548 -2.132 4.000 0.316 -3.536 -0.011 5.312 -3.861 -3.685 7.995 -3.491 -4.834 8.182 -3.894 -3.212 7.030 -5.435 0.568 3.942 -5.766 4.838 -2.206 -1.496 5.824 -9.379 10.500 -9.483 
4.321 -4.297 4.906 -6.348 6.826 -5.146 2.791 -1.090 -1.367 5.498 -8.154 5.627 0.562 -5.233 5.982 -4.273 1.339 2.235 -3.685 0.732 2.651 0.036 -6.641 6.685 2.983 -10.791 6.045 4.621 -6.584 -0.914 4.689 0.792 -5.277 0.792 4.689 -0.914 -6.584 4.621 6.045 -10.791 2.983 6.685 -6.641 0.036 2.651 0.732 -3.685 2.235 1.339 -4.273 5.982 -5.233 0.562 5.627 -8.154 5.498 -1.367 -1.090 2.791 -5.146 6.826 -6.348 4.906 -4.297 
-8.362 8.512 -9.287 9.846 -7.524 2.048 2.570 -3.546 3.359 -4.427 3.634 2.088 -7.828 5.831 2.424 -7.068 3.524 2.213 -3.861 2.651 -1.443 -1.139 5.195 -5.204 -1.359 6.724 -3.069 -4.105 3.359 4.124 -5.605 -2.551 8.188 -2.551 -5.605 4.124 3.359 -4.105 -3.069 6.724 -1.359 -5.204 5.195 -1.139 -1.443 2.651 -3.861 2.213 3.524 -7.068 2.424 5.831 -7.828 2.088 3.634 -4.427 3.359 -3.546 2.570 2.048 -7.524 9.846 -9.287 8.512 
-3.734 4.216 -4.375 3.367 -3.307 5.101 -5.288 1.344 3.206 -4.043 3.205 -4.722 5.760 -0.329 -8.773 10.891 -2.755 -5.709 5.312 0.036 -1.139 -2.340 3.534 -0.419 -2.430 2.703 -2.680 2.606 0.276 -4.565 4.269 1.452 -5.078 1.452 4.269 -4.565 0.276 2.606 -2.680 2.703 -2.430 -0.419 3.534 -2.340 -1.139 0.036 5.312 -5.709 -2.755 10.891 -8.773 -0.329 5.760 -4.722 3.205 -4.043 3.206 1.344 -5.288 5.101 -3.307 3.367 -4.375 4.216 
6.872 -8.419 10.286 -8.864 5.493 -3.294 1.405 2.516 -6.273 5.447 -0.863 -2.097 1.750 -1.684 3.034 -1.800 -3.070 5.232 -0.011 -6.641 5.195 3.534 -8.770 4.360 3.644 -6.176 2.502 1.277 -1.425 -0.148 0.417 0.756 -1.497 0.756 0.417 -0.148 -1.425 1.277 2.502 -6.176 3.644 4.360 -8.770 3.534 5.195 -6.641 -0.011 5.232 -3.070 -1.800 3.034 -1.684 1.750 -2.097 -0.863 5.447 -6.273 2.516 1.405 -3.294 5.493 -8.864 10.286 -8.419 
6.175 -4.008 0.777 -1.170 4.139 -4.932 2.553 -0.521 0.379 0.761 -4.551 7.349 -4.876 -1.489 6.386 -6.985 4.610 -0.918 -3.536 6.685 -5.204 -0.419 4.360 -2.310 -2.148 1.998 3.045 -5.503 0.725 5.748 -5.248 -1.852 6.142 -1.852 -5.248 5.748 0.725 -5.503 3.045 1.998 -2.148 -2.310 4.360 -0.419 -5.204 6.685 -3.536 -0.918 4.610 -6.985 6.386 -1.489 -4.876 7.349 -4.551 0.761 0.379 -0.521 2.553 -4.932 4.139 -1.170 0.777 -4.008 
-10.515 9.072 -6.717 6.428 -7.524 6.175 -0.985 -4.201 5.000 -2.457 1.239 -2.352 1.702 2.685 -6.138 3.629 2.172 -4.020 0.316 2.983 -1.359 -2.430 3.644 -2.148 0.314 1.803 -4.585 4.950 -0.133 -5.753 5.224 1.634 -5.828 1.634 5.224 -5.753 -0.133 4.950 -4.585 1.803 0.314 -2.148 3.644 -2.430 -1.359 2.983 0.316 -4.020 2.172 3.629 -6.138 2.685 1.702 -2.352 1.239 -2.457 5.000 -4.201 -0.985 6.175 -7.524 6.428 -6.717 9.072 
-3.175 2.777 -2.229 2.039 -1.568 1.020 -1.948 3.763 -2.759 -2.314 6.656 -5.470 1.084 1.037 -1.241 3.990 -7.881 5.554 4.000 -10.791 6.724 2.703 -6.176 1.998 1.803 -0.654 -1.519 0.817 0.734 -0.378 -0.407 -0.365 1.177 -0.365 -0.407 -0.378 0.734 0.817 -1.519 -0.654 1.803 1.998 -6.176 2.703 6.724 -10.791 4.000 5.554 -7.881 3.990 -1.241 1.037 1.084 -5.470 6.656 -2.314 -2.759 3.763 -1.948 1.020 -1.568 2.039 -2.229 2.777 
11.051 -8.953 6.111 -6.620 7.771 -4.946 0.034 1.814 -1.165 2.655 -5.725 4.874 0.491 -4.206 3.213 -1.831 3.019 -2.696 -2.132 6.045 -3.069 -2.680 2.502 3.045 -4.585 -1.519 7.416 -5.293 -2.013 5.985 -3.418 -1.674 4.051 -1.674 -3.418 5.985 -2.013 -5.293 7.416 -1.519 -4.585 3.045 2.502 -2.680 -3.069 6.045 -2.132 -2.696 3.019 -1.831 3.213 -4.206 0.491 4.874 -5.725 2.655 -1.165 1.814 0.034 -4.946 7.771 -6.620 6.111 -8.953 
-1.130 -1.760 5.105 -2.312 -2.612 1.424 4.366 -5.624 0.194 4.319 -3.258 1.187 -2.327 2.950 1.309 -6.703 6.503 -1.070 -3.548 4.621 -4.105 2.606 1.277 -5.503 4.950 0.817 -5.293 3.297 2.280 -4.795 2.046 2.539 -4.631 2.539 2.046 -4.795 2.280 3.297 -5.293 0.817 4.950 -5.503 1.277 2.606 -4.105 4.621 -3.548 -1.070 6.503 -6.703 1.309 2.950 -2.327 1.187 -3.258 4.319 0.194 -5.624 4.366 1.424 -2.612 -2.312 5.105 -1.760 
-5.384 8.308 -11.738 8.627 -2.172 0.747 -4.220 4.232 2.133 -7.612 6.111 -1.383 -0.133 -0.571 -1.740 6.507 -7.359 1.776 4.912 -6.584 3.359 0.276 -1.425 0.725 -0.133 0.734 -2.013 2.280 -0.523 -1.802 2.114 -0.262 -0.961 -0.262 2.114 -1.802 -0.523 2.280 -2.013 0.734 -0.133 0.725 -1.425 0.276 3.359 -6.584 4.912 1.776 -7.359 6.507 -1.740 -0.571 -0.133 -1.383 6.111 -7.612 2.133 4.232 -4.220 0.747 -2.172 8.627 -11.738 8.308 
-4.033 1.974 1.221 -1.126 -1.577 2.565 -0.705 -0.578 -0.705 1.637 0.825 -4.369 4.093 0.354 -4.019 3.440 -0.881 0.092 -0.565 -0.914 4.124 -4.565 -0.148 5.748 -5.753 -0.378 5.985 -4.795 -1.802 6.356 -3.781 -3.067 6.662 -3.067 -3.781 6.356 -1.802 -4.795 5.985 -0.378 -5.753 5.748 -0.148 -4.565 4.124 -0.914 -0.565 0.092 -0.881 3.440 -4.019 0.354 4.093 -4.369 0.825 1.637 -0.705 -0.578 -0.705 2.565 -1.577 -1.126 1.221 1.974 
8.912 -9.183 8.723 -6.336 3.808 -3.319 3.614 -1.849 -1.785 4.433 -4.950 4.579 -3.406 -0.121 5.211 -7.802 5.499 -0.752 -2.820 4.689 -5.605 4.269 0.417 -5.248 5.224 -0.407 -3.418 2.046 2.114 -3.781 1.222 2.784 -4.609 2.784 1.222 -3.781 2.114 2.046 -3.418 -0.407 5.224 -5.248 0.417 4.269 -5.605 4.689 -2.820 -0.752 5.499 -7.802 5.211 -0.121 -3.406 4.579 -4.950 4.433 -1.785 -1.849 3.614 -3.319 3.808 -6.336 8.723 -9.183 
4.472 -1.135 -3.359 1.727 2.994 -2.861 -1.586 2.639 1.299 -3.208 -0.489 4.004 -1.931 -2.227 2.408 0.410 -1.009 -1.056 1.553 0.792 -2.551 1.452 0.756 -1.852 1.634 -0.365 -1.674 2.539 -0.262 -3.067 2.784 1.421 -4.036 1.421 2.784 -3.067 -0.262 2.539 -1.674 -0.365 1.634 -1.852 0.756 1.452 -2.551 0.792 1.553 -1.056 -1.009 0.410 2.408 -2.227 -1.931 4.004 -0.489 -3.208 1.299 2.639 -1.586 -2.861 2.994 1.727 -3.359 -1.135 
-15.000 10.185 -3.048 3.543 -8.352 7.267 -0.394 -2.760 -0.172 0.768 5.154 -9.668 5.126 3.868 -7.752 5.452 -3.000 2.386 0.095 -5.277 8.188 -5.078 -1.497 6.142 -5.828 1.177 4.051 -4.631 -0.961 6.662 -4.609 -4.036 9.000 -4.036 -4.609 6.662 -0.961 -4.631 4.051 1.177 -5.828 6.142 -1.497 -5.078 8.188 -5.277 0.095 2.386 -3.000 5.452 -7.752 3.868 5.126 -9.668 5.154 0.768 -0.172 -2.760 -0.394 7.267 -8.352 3.543 -3.048 10.185 
4.472 -1.135 -3.359 1.727 2.994 -2.861 -1.586 2.639 1.299 -3.208 -0.489 4.004 -1.931 -2.227 2.408 0.410 -1.009 -1.056 1.553 0.792 -2.551 1.452 0.756 -1.852 1.634 -0.365 -1.674 2.539 -0.262 -3.067 2.784 1.421 -4.036 1.421 2.784 -3.067 -0.262 2.539 -1.674 -0.365 1.634 -1.852 0.756 1.452 -2.551 0.792 1.553 -1.056 -1.009 0.410 2.408 -2.227 -1.931 4.004 -0.489 -3.208 1.299 2.639 -1.586 -2.861 2.994 1.727 -3.359 -1.135 
8.912 -9.183 8.723 -6.336 3.808 -3.319 3.614 -1.849 -1.785 4.433 -4.950 4.579 -3.406 -0.121 5.211 -7.802 5.499 -0.752 -2.820 4.689 -5.605 4.269 0.417 -5.248 5.224 -0.407 -3.418 2.046 2.114 -3.781 1.222 2.784 -4.609 2.784 1.222 -3.781 2.114 2.046 -3.418 -0.407 5.224 -5.248 0.417 4.269 -5.605 4.689 -2.820 -0.752 5.499 -7.802 5.211 -0.121 -3.406 4.579 -4.950 4.433 -1.785 -1.849 3.614 -3.319 3.808 -6.336 8.723 -9.183 
-4.033 1.974 1.221 -1.126 -1.577 2.565 -0.705 -0.578 -0.705 1.637 0.825 -4.369 4.093 0.354 -4.019 3.440 -0.881 0.092 -0.565 -0.914 4.124 -4.565 -0.148 5.748 -5.753 -0.378 5.985 -4.795 -1.802 6.356 -3.781 -3.067 6.662 -3.067 -3.781 6.356 -1.802 -4.795 5.985 -0.378 -5.753 5.748 -0.148 -4.565 4.124 -0.914 -0.565 0.092 -0.881 3.440 -4.019 0.354 4.093 -4.369 0.825 1.637 -0.705 -0.578 -0.705 2.565 -1.577 -1.126 1.221 1.974 
-5.384 8.308 -11.738 8.627 -2.172 0.747 -4.220 4.232 2.133 -7.612 6.111 -1.383 -0.133 -0.571 -1.740 6.507 -7.359 1.776 4.912 -6.584 3.359 0.276 -1.425 0.725 -0.133 0.734 -2.013 2.280 -0.523 -1.802 2.114 -0.262 -0.961 -0.262 2.114 -1.802 -0.523 2.280 -2.013 0.734 -0.133 0.725 -1.425 0.276 3.359 -6.584 4.912 1.776 -7.359 6.507 -1.740 -0.571 -0.133 -1.383 6.111 -7.612 2.133 4.232 -4.220 0.747 -2.172 8.627 -11.738 8.308 
-1.130 -1.760 5.105 -2.312 -2.612 1.424 4.366 -5.624 0.194 4.319 -3.258 1.187 -2.327 2.950 1.309 -6.703 6.503 -1.070 -3.548 4.621 -4.105 2.606 1.277 -5.503 4.950 0.817 -5.293 3.297 2.280 -4.795 2.046 2.539 -4.631 2.539 2.046 -4.795 2.280 3.297 -5.293 0.817 4.950 -5.503 1.277 2.606 -4.105 4.621 -3.548 -1.070 6.503 -6.703 1.309 2.950 -2.327 1.187 -3.258 4.319 0.194 -5.624 4.366 1.424 -2.612 -2.312 5.105 -1.760 
11.051 -8.953 6.111 -6.620 7.771 -4.946 0.034 1.814 -1.165 2.655 -5.725 4.874 0.491 -4.206 3.213 -1.831 3.019 -2.696 -2.132 6.045 -3.069 -2.680 2.502 3.045 -4.585 -1.519 7.416 -5.293 -2.013 5.985 -3.418 -1.674 4.051 -1.674 -3.418 5.985 -2.013 -5.293 7.416 -1.519 -4.585 3.045 2.502 -2.680 -3.069 6.045 -2.132 -2.696 3.019 -1.831 3.213 -4.206 0.491 4.874 -5.725 2.655 -1.165 1.814 0.034 -4.946 7.771 -6.620 6.111 -8.953 
-3.175 2.777 -2.229 2.039 -1.568 1.020 -1.948 3.763 -2.759 -2.314 6.656 -5.470 1.084 1.037 -1.241 3.990 -7.881 5.554 4.000 -10.791 6.724 2.703 -6.176 1.998 1.803 -0.654 -1.519 0.817 0.734 -0.378 -0.407 -0.365 1.177 -0.365 -0.407 -0.378 0.734 0.817 -1.519 -0.654 1.803 1.998 -6.176 2.703 6.724 -10.791 4.000 5.554 -7.881 3.990 -1.241 1.037 1.084 -5.470 6.656 -2.314 -2.759 3.763 -1.948 1.020 -1.568 2.039 -2.229 2.777 
-10.515 9.072 -6.717 6.428 -7.524 6.175 -0.985 -4.201 5.000 -2.457 1.239 -2.352 1.702 2.685 -6.138 3.629 2.172 -4.020 0.316 2.983 -1.359 -2.430 3.644 -2.148 0.314 1.803 -4.585 4.950 -0.133 -5.753 5.224 1.634 -5.828 1.634 5.224 -5.753 -0.133 4.950 -4.585 1.803 0.314 -2.148 3.644 -2.430 -1.359 2.983 0.316 -4.020 2.172 3.629 -6.138 2.685 1.702 -2.352 1.239 -2.457 5.000 -4.201 -0.985 6.175 -7.524 6.428 -6.717 9.072 
6.175 -4.008 0.777 -1.170 4.139 -4.932 2.553 -0.521 0.379 0.761 -4.551 7.349 -4.876 -1.489 6.386 -6.985 4.610 -0.918 -3.536 6.685 -5.204 -0.419 4.360 -2.310 -2.148 1.998 3.045 -5.503 0.725 5.748 -5.248 -1.852 6.142 -1.852 -5.248 5.748 0.725 -5.503 3.045 1.998 -2.148 -2.310 4.360 -0.419 -5.204 6.685 -3.536 -0.918 4.610 -6.985 6.386 -1.489 -4.876 7.349 -4.551 0.761 0.379 -0.521 2.553 -4.932 4.139 -1.170 0.777 -4.008 
6.872 -8.419 10.286 -8.864 5.493 -3.294 1.405 2.516 -6.273 5.447 -0.863 -2.097 1.750 -1.684 3.034 -1.800 -3.070 5.232 -0.011 -6.641 5.195 3.534 -8.770 4.360 3.644 -6.176 2.502 1.277 -1.425 -0.148 0.417 0.756 -1.497 0.756 0.417 -0.148 -1.425 1.277 2.502 -6.176 3.644 4.360 -8.770 3.534 5.195 -6.641 -0.011 5.232 -3.070 -1.800 3.034 -1.684 1.750 -2.097 -0.863 5.447 -6.273 2.516 1.405 -3.294 5.493 -8.864 10.286 -8.419 
-3.734 4.216 -4.375 3.367 -3.307 5.101 -5.288 1.344 3.206 -4.043 3.205 -4.722 5.760 -0.329 -8.773 10.891 -2.755 -5.709 5.312 0.036 -1.139 -2.340 3.534 -0.419 -2.430 2.703 -2.680 2.606 0.276 -4.565 4.269 1.452 -5.078 1.452 4.269 -4.565 0.276 2.606 -2.680 2.703 -2.430 -0.419 3.534 -2.340 -1.139 0.036 5.312 -5.709 -2.755 10.891 -8.773 -0.329 5.760 -4.722 3.205 -4.043 3.206 1.344 -5.288 5.101 -3.307 3.367 -4.375 4.216 
-8.362 8.512 -9.287 9.846 -7.524 2.048 2.570 -3.546 3.359 -4.427 3.634 2.088 -7.828 5.831 2.424 -7.068 3.524 2.213 -3.861 2.651 -1.443 -1.139 5.195 -5.204 -1.359 6.724 -3.069 -4.105 3.359 4.124 -5.605 -2.551 8.188 -2.551 -5.605 4.124 3.359 -4.105 -3.069 6.724 -1.359 -5.204 5.195 -1.139 -1.443 2.651 -3.861 2.213 3.524 -7.068 2.424 5.831 -7.828 2.088 3.634 -4.427 3.359 -3.546 2.570 2.048 -7.524 9.846 -9.287 8.512 
4.321 -4.297 4.906 -6.348 6.826 -5.146 2.791 -1.090 -1.367 5.498 -8.154 5.627 0.562 -5.233 5.982 -4.273 1.339 2.235 -3.685 0.732 2.651 0.036 -6.641 6.685 2.983 -10.791 6.045 4.621 -6.584 -0.914 4.689 0.792 -5.277 0.792 4.689 -0.914 -6.584 4.621 6.045 -10.791 2.983 6.685 -6.641 0.036 2.651 0.732 -3.685 2.235 1.339 -4.273 5.982 -5.233 0.562 5.627 -8.154 5.498 -1.367 -1.090 2.791 -5.146 6.826 -6.348 4.906 -4.297 
8.666 -9.483 10.500 -9.379 5.824 -1.496 -2.206 4.838 -5.766 3.942 0.568 -5.435 7.030 -3.212 -3.894 8.182 -4.834 -3.491 7.995 -3.685 -3.861 5.312 -0.011 -3.536 0.316 4.000 -2.132 -3.548 4.912 -0.565 -2.820 1.553 0.095 1.553 -2.820 -0.565 4.912 -3.548 -2.132 4.000 0.316 -3.536 -0.011 5.312 -3.861 -3.685 7.995 -3.491 -4.834 8.182 -3.894 -3.212 7.030 -5.435 0.568 3.942 -5.766 4.838 -2.206 -1.496 5.824 -9.379 10.500 -9.483 
-3.717 4.862 -7.394 9.130 -8.356 5.619 -2.853 0.385 3.371 -8.011 9.225 -3.740 -4.810 8.545 -4.521 -1.732 3.239 0.318 -3.491 2.235 2.213 -5.709 5.232 -0.918 -4.020 5.554 -2.696 -1.070 1.776 0.092 -0.752 -1.056 2.386 -1.056 -0.752 0.092 1.776 -1.070 -2.696 5.554 -4.020 -0.918 5.232 -5.709 2.213 2.235 -3.491 0.318 3.239 -1.732 -4.521 8.545 -4.810 -3.740 9.225 -8.011 3.371 0.385 -2.853 5.619 -8.356 9.130 -7.394 4.862 
-11.000 11.214 -10.560 7.791 -4.298 1.335 2.372 -6.865 7.828 -1.974 -6.321 8.904 -3.867 -2.922 5.896 -4.649 1.000 3.239 -4.834 1.339 3.524 -2.755 -3.070 4.610 2.172 -7.881 3.019 6.503 -7.359 -0.881 5.499 -1.009 -3.000 -1.009 5.499 -0.881 -7.359 6.503 3.019 -7.881 2.172 4.610 -3.070 -2.755 3.524 1.339 -4.834 3.239 1.000 -4.649 5.896 -2.922 -3.867 8.904 -6.321 -1.974 7.828 -6.865 2.372 1.335 -4.298 7.791 -10.560 11.214 
3.973 -6.481 10.402 -10.844 8.844 -7.465 4.937 1.825 -9.498 11.029 -5.181 -2.309 6.348 -6.014 1.920 3.568 -4.649 -1.732 8.182 -4.273 -7.068 10.891 -1.800 -6.985 3.629 3.990 -1.831 -6.703 6.507 3.440 -7.802 0.410 5.452 0.410 -7.802 3.440 6.507 -6.703 -1.831 3.990 3.629 -6.985 -1.800 10.891 -7.068 -4.273 8.182 -1.732 -4.649 3.568 1.920 -6.014 6.348 -2.309 -5.181 11.029 -9.498 1.825 4.937 -7.465 8.844 -10.844 10.402 -6.481 
16.367 -13.228 8.079 -6.335 5.457 -0.139 -7.314 9.285 -3.726 -3.833 7.943 -7.073 1.519 5.871 -8.271 1.920 5.896 -4.521 -3.894 5.982 2.424 -8.773 3.034 6.386 -6.138 -1.241 3.213 1.309 -1.740 -4.019 5.211 2.408 -7.752 2.408 5.211 -4.019 -1.740 1.309 3.213 -1.241 -6.138 6.386 3.034 -8.773 2.424 5.982 -3.894 -4.521 5.896 1.920 -8.271 5.871 1.519 -7.073 7.943 -3.833 -3.726 9.285 -7.314 -0.139 5.457 -6.335 8.079 -13.228 
-10.741 9.378 -8.523 11.625 -14.703 11.100 -1.219 -8.051 11.694 -9.362 2.306 6.223 -9.364 3.066 5.871 -6.014 -2.922 8.545 -3.212 -5.233 5.831 -0.329 -1.684 -1.489 2.685 1.037 -4.206 2.950 -0.571 0.354 -0.121 -2.227 3.868 -2.227 -0.121 0.354 -0.571 2.950 -4.206 1.037 2.685 -1.489 -1.684 -0.329 5.831 -5.233 -3.212 8.545 -2.922 -6.014 5.871 3.066 -9.364 6.223 2.306 -9.362 11.694 -8.051 -1.219 11.100 -14.703 11.625 -8.523 9.378 
-15.010 14.845 -12.813 7.189 0.298 -6.097 8.337 -6.521 0.298 7.834 -10.908 4.211 6.473 -9.364 1.519 6.348 -3.867 -4.810 7.030 0.562 -7.828 5.760 1.750 -4.876 1.702 1.084 0.491 -2.327 -0.133 4.093 -3.406 -1.931 5.126 -1.931 -3.406 4.093 -0.133 -2.327 0.491 1.084 1.702 -4.876 1.750 5.760 -7.828 0.562 7.030 -4.810 -3.867 6.348 1.519 -9.364 6.473 4.211 -10.908 7.834 0.298 -6.521 8.337 -6.097 0.298 7.189 -12.813 14.845 
12.465 -12.620 13.680 -15.673 15.824 -10.299 -1.055 12.356 -15.344 6.977 5.873 -11.215 4.211 6.223 -7.073 -2.309 8.904 -3.740 -5.435 5.627 2.088 -4.722 -2.097 7.349 -2.352 -5.470 4.874 1.187 -1.383 -4.369 4.579 4.004 -9.668 4.004 4.579 -4.369 -1.383 1.187 4.874 -5.470 -2.352 7.349 -2.097 -4.722 2.088 5.627 -5.435 -3.740 8.904 -2.309 -7.073 6.223 4.211 -11.215 5.873 6.977 -15.344 12.356 -1.055 -10.299 15.824 -15.673 13.680 -12.620 
17.134 -17.539 15.372 -6.546 -5.603 12.973 -11.152 2.022 8.704 -13.369 6.806 5.873 -10.908 2.306 7.943 -5.181 -6.321 9.225 0.568 -8.154 3.634 3.205 -0.863 -4.551 1.239 6.656 -5.725 -3.258 6.111 0.825 -4.950 -0.489 5.154 -0.489 -4.950 0.825 6.111 -3.258 -5.725 6.656 1.239 -4.551 -0.863 3.205 3.634 -8.154 0.568 9.225 -6.321 -5.181 7.943 2.306 -10.908 5.873 6.806 -13.369 8.704 2.022 -11.152 12.973 -5.603 -6.546 15.372 -17.539 
-13.792 17.443 -23.018 22.503 -15.399 5.149 6.829 -16.210 13.632 1.662 -13.369 6.977 7.834 -9.362 -3.833 11.029 -1.974 -8.011 3.942 5.498 -4.427 -4.043 5.447 0.761 -2.457 -2.314 2.655 4.319 -7.612 1.637 4.433 -3.208 0.768 -3.208 4.433 1.637 -7.612 4.319 2.655 -2.314 -2.457 0.761 5.447 -4.043 -4.427 5.498 3.942 -8.011 -1.974 11.029 -3.833 -9.362 7.834 6.977 -13.369 1.662 13.632 -16.210 6.829 5.149 -15.399 22.503 -23.018 17.443 
-27.485 22.484 -12.037 1.626 9.524 -18.618 14.049 6.406 -22.314 13.632 8.704 -15.344 0.298 11.694 -3.726 -9.498 7.828 3.371 -5.766 -1.367 3.359 3.206 -6.273 0.379 5.000 -2.759 -1.165 0.194 2.133 -0.705 -1.785 1.299 -0.172 1.299 -1.785 -0.705 2.133 0.194 -1.165 -2.759 5.000 0.379 -6.273 3.206 3.359 -1.367 -5.766 3.371 7.828 -9.498 -3.726 11.694 0.298 -15.344 8.704 13.632 -22.314 6.406 14.049 -18.618 9.524 1.626 -12.037 22.484 
27.469 -26.922 28.202 -30.102 20.499 4.459 -24.470 17.610 6.406 -16.210 2.022 12.356 -6.521 -8.051 9.285 1.825 -6.865 0.385 4.838 -1.090 -3.546 1.344 2.516 -0.521 -4.201 3.763 1.814 -5.624 4.232 -0.578 -1.849 2.639 -2.760 2.639 -1.849 -0.578 4.232 -5.624 1.814 3.763 -4.201 -0.521 2.516 1.344 -3.546 -1.090 4.838 0.385 -6.865 1.825 9.285 -8.051 -6.521 12.356 2.022 -16.210 6.406 17.610 -24.470 4.459 20.499 -30.102 28.202 -26.922 
32.374 -30.248 17.473 8.968 -30.114 22.927 6.146 -24.470 14.049 6.829 -11.152 -1.055 8.337 -1.219 -7.314 4.937 2.372 -2.853 -2.206 2.791 2.570 -5.288 1.405 2.553 -0.985 -1.948 0.034 4.366 -4.220 -0.705 3.614 -1.586 -0.394 -1.586 3.614 -0.705 -4.220 4.366 0.034 -1.948 -0.985 2.553 1.405 -5.288 2.570 2.791 -2.206 -2.853 2.372 4.937 -7.314 -1.219 8.337 -1.055 -11.152 6.829 14.049 -24.470 6.146 22.927 -30.114 8.968 17.473 -30.248 
-39.173 46.637 -54.645 39.327 -1.576 -27.821 22.927 4.459 -18.618 5.149 12.973 -10.299 -6.097 11.100 -0.139 -7.465 1.335 5.619 -1.496 -5.146 2.048 5.101 -3.294 -4.932 6.175 1.020 -4.946 1.424 0.747 2.565 -3.319 -2.861 7.267 -2.861 -3.319 2.565 0.747 1.424 -4.946 1.020 6.175 -4.932 -3.294 5.101 2.048 -5.146 -1.496 5.619 1.335 -7.465 -0.139 11.100 -6.097 -10.299 12.973 5.149 -18.618 4.459 22.927 -27.821 -1.576 39.327 -54.645 46.637 
-63.244 45.066 -0.636 -39.094 39.494 -1.576 -30.114 20.499 9.524 -15.399 -5.603 15.824 0.298 -14.703 5.457 8.844 -4.298 -8.356 5.824 6.826 -7.524 -3.307 5.493 4.139 -7.524 -1.568 7.771 -2.612 -2.172 -1.577 3.808 2.994 -8.352 2.994 3.808 -1.577 -2.172 -2.612 7.771 -1.568 -7.524 4.139 5.493 -3.307 -7.524 6.826 5.824 -8.356 -4.298 8.844 5.457 -14.703 0.298 15.824 -5.603 -15.399 9.524 20.499 -30.114 -1.576 39.494 -39.094 -0.636 45.066 
99.495 -104.347 89.042 -25.662 -39.094 39.327 8.968 -30.102 1.626 22.503 -6.546 -15.673 7.189 11.625 -6.335 -10.844 7.791 9.130 -9.379 -6.348 9.846 3.367 -8.864 -1.170 6.428 2.039 -6.620 -2.312 8.627 -1.126 -6.336 1.727 3.543 1.727 -6.336 -1.126 8.627 -2.312 -6.620 2.039 6.428 -1.170 -8.864 3.367 9.846 -6.348 -9.379 9.130 7.791 -10.844 -6.335 11.625 7.189 -15.673 -6.546 22.503 1.626 -30.102 8.968 39.327 -39.094 -25.662 89.042 -104.347 
146.624 -65.791 -68.543 89.042 -0.636 -54.645 17.473 28.202 -12.037 -23.018 15.372 13.680 -12.813 -8.523 8.079 10.402 -10.560 -7.394 10.500 4.906 -9.287 -4.375 10.286 0.777 -6.717 -2.229 6.111 5.105 -11.738 1.221 8.723 -3.359 -3.048 -3.359 8.723 1.221 -11.738 5.105 6.111 -2.229 -6.717 0.777 10.286 -4.375 -9.287 4.906 10.500 -7.394 -10.560 10.402 8.079 -8.523 -12.813 13.680 15.372 -23.018 -12.037 28.202 17.473 -54.645 -0.636 89.042 -68.543 -65.791 
-574.876 399.972 -65.791 -104.347 45.066 46.637 -30.248 -26.922 22.484 17.443 -17.539 -12.620 14.845 9.378 -13.228 -6.481 11.214 4.862 -9.483 -4.297 8.512 4.216 -8.419 -4.008 9.072 2.777 -8.953 -1.760 8.308 1.974 -9.183 -1.135 10.185 -1.135 -9.183 1.974 8.308 -1.760 -8.953 2.777 9.072 -4.008 -8.419 4.216 8.512 -4.297 -9.483 4.862 11.214 -6.481 -13.228 9.378 14.845 -12.620 -17.539 17.443 22.484 -26.922 -30.248 46.637 45.066 -104.347 -65.791 399.971 
